niulanshan 238 225 1200.000000 8 1 190400.000000
erguotou 10 14 1700.000000 7 3 10000.000000
jiangxiaobai 15 5 500.000000 14 14 4500.000000
maotai 5 1 22000.000000 4 18 40000.000000
qingdao 40 4 20.000000 20 15 1600.000000
xuehua 40 5 200.000000 16 13 1200.000000
baiwei 50 6 400.000000 15 11 2500.000000
haerbin 40 5 600.000000 9 12 2400.000000
lafei 6 1 70000.000000 1 19 180000.000000
boerduo 8 2 20000.000000 5 17 80000.000000
buduoge 7 1 40000.000000 2 20 140000.000000
bogendi 9 11 26000.000000 3 5 216000.000000
baishikele 50 7 600.000000 10 8 2000.000000
quechaocafei 20 3 1800.000000 6 16 4000.000000
kekoukele 50 6 600.000000 11 9 2000.000000
binghongcha 40 8 80.000000 18 6 2000.000000
nongfushanquan 9 20 500.000000 13 2 1800.000000
wahaha 4 14 600.000000 12 4 3000.000000
baisuishan 45 6 60.000000 19 10 1800.000000
binglu 20 8 200.000000 17 7 2000.000000
